[80, 20, 20, 0, [0, 0, [[-0.08303293614827806, 26.035866080039145], [-0.5562014952340048, 27.05964729118738], [-0.02627953995568801, 26.933812849969023], [-0.7558124192375927, 26.65223517638856], [-0.5007882036555704, 25.847551848027766], [0.05480217725241779, 26.486389492259306], [-0.33672534622641476, 26.705336588942092], [-0.1962843176913776, 27.312118563268058], [0.29735352600247295, 26.11200845262862], [0.8411688468706717, 26.721691388476913], [0.24180593397108222, 27.311605349323674], [0.8572571626649617, 26.28192562751603], [0.6656645106787912, 25.90697821726739], [0.6270350948171045, 27.113479661103092], [-0.35183433474858616, 26.3217382007325], [-0.739888328518397, 26.215779010885075], [0.30551343782759716, 25.6746012690941], [-0.1189600448675456, 25.63377039663148], [0.3497950189276754, 26.832615819200505], [0.48511540276125276, 26.465063571167608]]]]
[80, 20, 20, 1, [0, 0, [[-1.051641789341183, 25.973687771867837], [0.5130567259627591, 25.37922329005914], [0.3592458662384404, 26.208586301067683], [-0.57027756784703, 24.879137657233382], [0.5408254361093792, 25.817804431643363], [0.12564562883187633, 25.826139092308985], [0.1092052993950093, 25.438228377924954], [-0.716856235645993, 25.730260867675103], [-0.2769792826831165, 25.67094766776994], [-0.5824047839220954, 25.36167423647073], [-0.2176962898605428, 25.220323773811746], [-0.40895763056177215, 26.522370268573837], [-1.0902544665799685, 25.52697478331578], [-0.132579924291099, 26.125240798310877], [-0.8080561735600659, 26.342547799634897], [-0.510423151172841, 26.065951440921665], [-0.9207398998186253, 25.13520132414235], [-0.14154741606422905, 24.828177484148455], [0.03168632409153016, 26.498005718514765], [0.24908524172416566, 25.021926420373912]]]]
[80, 20, 20, 2, [0, 0, [[-0.045308930852582904, 27.398233808962257], [0.6883430576256016, 27.779058860224936], [0.36879919155876595, 27.27003032367613], [0.12393598056756555, 26.97186438981868], [-0.3716369863675885, 27.69183399518486], [0.777080422736818, 27.360999341548865], [-0.4732476112530181, 26.646105349384918], [0.3577370094896337, 26.63678546392531], [0.30332351148649234, 27.66302020740277], [0.6545529151771322, 26.94417847422715], [-0.4760928644449895, 27.318572479666386], [-0.7583832586246168, 26.97618735985429], [-0.0583900118969654, 26.54098003228017], [-0.2613559344038565, 26.995883499818515], [-0.01734861909488065, 28.27609402944034], [-0.874862296954611, 27.40990585443905], [-0.02465614370203449, 27.87803643029376], [0.3962545933728915, 28.116601965020593], [-0.4384333619591846, 28.145298676050942], [-0.7514633428889907, 27.835484815434178]]]]
[80, 20, 80, 0, [0, 20, []]]
[80, 20, 80, 1, [0, 20, []]]
[80, 20, 80, 2, [3771, 20, []]]
[80, 20, 180, 0, [3630, 20, []]]
[80, 20, 180, 1, [3623, 20, []]]
[80, 20, 180, 2, [3597, 20, []]]
[80, 20, 320, 0, [8856, 20, []]]
[80, 20, 320, 1, [9923, 20, []]]
[80, 20, 320, 2, [8909, 20, []]]
[80, 40, 40, 0, [1, 20, []]]
[80, 40, 40, 1, [0, 20, []]]
[80, 40, 40, 2, [0, 20, []]]
[80, 40, 160, 0, [2060, 20, []]]
[80, 40, 160, 1, [0, 20, []]]
[80, 40, 160, 2, [0, 20, []]]
[80, 40, 360, 0, [5053, 20, []]]
[80, 40, 360, 1, [3748, 20, []]]
[80, 40, 360, 2, [4871, 20, []]]
[80, 40, 640, 0, [8700, 20, []]]
[80, 40, 640, 1, [11533, 20, []]]
[80, 40, 640, 2, [9643, 20, []]]
[80, 60, 60, 0, [7370, 20, []]]
[80, 60, 60, 1, [2242, 20, []]]
[80, 60, 60, 2, [0, 20, []]]
[80, 60, 240, 0, [2338, 20, []]]
[80, 60, 240, 1, [0, 20, []]]
[80, 60, 240, 2, [0, 20, []]]
[80, 60, 540, 0, [3791, 20, []]]
[80, 60, 540, 1, [4702, 20, []]]
[80, 60, 540, 2, [3751, 20, []]]
[80, 60, 960, 0, [10312, 20, []]]
[80, 60, 960, 1, [8826, 20, []]]
[80, 60, 960, 2, [10183, 20, []]]
[80, 80, 80, 0, [3655, 20, []]]
[80, 80, 80, 1, [2459, 17, [[-0.5112302587493148, 30], [-1.1823956493467367, 30], [-0.4958973199079977, 29.996954216335947]]]]
[80, 80, 80, 2, [5148, 14, [[-1.0907467627649332, 30], [-0.6661555978233781, 30], [-0.6938207869585532, 30], [0.5265754491557152, 30], [0.9408130449132689, 30], [0.5113202561199275, 30]]]]
[80, 80, 320, 0, [0, 20, []]]
[80, 80, 320, 1, [0, 20, []]]
[80, 80, 320, 2, [0, 20, []]]
[80, 80, 720, 0, [4898, 20, []]]
[80, 80, 720, 1, [5033, 20, []]]
[80, 80, 720, 2, [5068, 20, []]]
[80, 80, 1280, 0, [9983, 20, []]]
[80, 80, 1280, 1, [10147, 20, []]]
[80, 80, 1280, 2, [12243, 20, []]]
[80, 100, 100, 0, [3678, 20, []]]
[80, 100, 100, 1, [6139, 17, [[-0.5978989798706222, 30], [-0.5968561319706025, 30], [-1.2632296616871501, 30]]]]
[80, 100, 100, 2, [5108, 17, [[0.5355544057678011, 30], [1.2274379449959143, 30], [0.5754997694656873, 30]]]]
[80, 100, 400, 0, [0, 20, []]]
[80, 100, 400, 1, [2180, 20, []]]
[80, 100, 400, 2, [0, 20, []]]
[80, 100, 900, 0, [3836, 20, []]]
[80, 100, 900, 1, [3669, 20, []]]
[80, 100, 900, 2, [4784, 20, []]]
[80, 100, 1600, 0, [10109, 20, []]]
[80, 100, 1600, 1, [8904, 20, []]]
[80, 100, 1600, 2, [10579, 20, []]]
[80, 120, 120, 0, [2, 20, []]]
[80, 120, 120, 1, [8712, 20, []]]
[80, 120, 120, 2, [4886, 20, []]]
[80, 120, 480, 0, [0, 20, []]]
[80, 120, 480, 1, [0, 20, []]]
[80, 120, 480, 2, [0, 20, []]]
[80, 120, 1080, 0, [3806, 20, []]]
[80, 120, 1080, 1, [5140, 20, []]]
[80, 120, 1080, 2, [3588, 20, []]]
[80, 120, 1920, 0, [11258, 20, []]]
[80, 120, 1920, 1, [8876, 20, []]]
[80, 120, 1920, 2, [9818, 20, []]]
[80, 140, 140, 0, [0, 20, []]]
[80, 140, 140, 1, [1, 20, []]]
[80, 140, 140, 2, [6212, 20, []]]
[80, 140, 560, 0, [0, 20, []]]
[80, 140, 560, 1, [0, 20, []]]
[80, 140, 560, 2, [0, 20, []]]
[80, 140, 1260, 0, [3678, 20, []]]
[80, 140, 1260, 1, [5062, 20, []]]
[80, 140, 1260, 2, [6136, 20, []]]
[80, 140, 2240, 0, [9886, 20, []]]
[80, 140, 2240, 1, [8702, 20, []]]
[80, 140, 2240, 2, [10016, 20, []]]
[80, 160, 160, 0, [0, 20, []]]
[80, 160, 160, 1, [2486, 17, [[-0.5612612375751292, 30], [-0.5539670825349532, 30], [-1.228867165851688, 30]]]]
[80, 160, 160, 2, [4795, 20, []]]
[80, 160, 640, 0, [0, 20, []]]
[80, 160, 640, 1, [0, 20, []]]
[80, 160, 640, 2, [0, 20, []]]
[80, 160, 1440, 0, [3766, 20, []]]
[80, 160, 1440, 1, [3864, 20, []]]
[80, 160, 1440, 2, [3787, 20, []]]
[80, 160, 2560, 0, [9939, 20, []]]
[80, 160, 2560, 1, [8887, 20, []]]
[80, 160, 2560, 2, [10285, 20, []]]
[80, 180, 180, 0, [3763, 20, []]]
[80, 180, 180, 1, [4884, 20, []]]
[80, 180, 180, 2, [2524, 17, [[-0.4828858055131064, 29.99039973908772], [-1.1814550689582461, 30], [-0.5214340973066373, 30]]]]
[80, 180, 720, 0, [0, 20, []]]
[80, 180, 720, 1, [0, 20, []]]
[80, 180, 720, 2, [0, 20, []]]
[80, 180, 1620, 0, [5058, 20, []]]
[80, 180, 1620, 1, [5149, 20, []]]
[80, 180, 1620, 2, [3900, 20, []]]
[80, 180, 2880, 0, [10754, 20, []]]
[80, 180, 2880, 1, [12192, 20, []]]
[80, 180, 2880, 2, [10104, 20, []]]
[80, 200, 200, 0, [1, 20, []]]
[80, 200, 200, 1, [2520, 17, [[-0.6185623570693044, 30], [-0.6192312718196202, 30], [-1.2818878527010327, 30]]]]
[80, 200, 200, 2, [5127, 17, [[1.2183584249146826, 30], [0.5462340583513547, 30], [0.5446487351827656, 30]]]]
[80, 200, 800, 0, [2220, 20, []]]
[80, 200, 800, 1, [2843, 20, []]]
[80, 200, 800, 2, [2300, 20, []]]
[80, 200, 1800, 0, [5056, 20, []]]
[80, 200, 1800, 1, [5134, 20, []]]
[80, 200, 1800, 2, [3863, 20, []]]
[80, 200, 3200, 0, [11170, 20, []]]
[80, 200, 3200, 1, [9873, 20, []]]
[80, 200, 3200, 2, [10979, 20, []]]
[80, 220, 220, 0, [2718, 17, [[0.5251791965238182, 30], [0.5388363699980143, 30], [1.2068333345328526, 30]]]]
[80, 220, 220, 1, [3, 20, []]]
[80, 220, 220, 2, [5144, 14, [[0.46651651900799335, 29.996875231257384], [0.4915018489125254, 30], [-0.47137746683753334, 29.993999902831302], [-0.9417300224579305, 30], [-0.4898510765440205, 30], [0.9403536626208711, 30]]]]
[80, 220, 880, 0, [0, 20, []]]
[80, 220, 880, 1, [0, 20, []]]
[80, 220, 880, 2, [2358, 20, []]]
[80, 220, 1980, 0, [4799, 20, []]]
[80, 220, 1980, 1, [5078, 20, []]]
[80, 220, 1980, 2, [3833, 20, []]]
[80, 220, 3520, 0, [12450, 20, []]]
[80, 220, 3520, 1, [11266, 20, []]]
[80, 220, 3520, 2, [8740, 20, []]]
[80, 240, 240, 0, [4870, 17, [[0.5529725582151197, 30], [0.5706072458729012, 29.998214422406964], [1.2325315495422104, 30]]]]
[80, 240, 240, 1, [7283, 20, []]]
[80, 240, 240, 2, [2549, 17, [[-0.5451676161653187, 30], [-0.5221391833335712, 30], [-1.208331981473024, 30]]]]
[80, 240, 960, 0, [2342, 20, []]]
[80, 240, 960, 1, [2410, 20, []]]
[80, 240, 960, 2, [0, 20, []]]
[80, 240, 2160, 0, [3878, 20, []]]
[80, 240, 2160, 1, [3794, 20, []]]
[80, 240, 2160, 2, [5005, 20, []]]
[80, 240, 3840, 0, [11207, 20, []]]
[80, 240, 3840, 1, [11228, 20, []]]
[80, 240, 3840, 2, [10082, 20, []]]
[80, 260, 260, 0, [2, 20, []]]
[80, 260, 260, 1, [0, 20, []]]
[80, 260, 260, 2, [0, 20, []]]
[80, 260, 1040, 0, [0, 20, []]]
[80, 260, 1040, 1, [0, 20, []]]
[80, 260, 1040, 2, [0, 20, []]]
[80, 260, 2340, 0, [3789, 20, []]]
[80, 260, 2340, 1, [4945, 20, []]]
[80, 260, 2340, 2, [3663, 20, []]]
[80, 260, 4160, 0, [8909, 20, []]]
[80, 260, 4160, 1, [12103, 20, []]]
[80, 260, 4160, 2, [11375, 20, []]]
[80, 280, 280, 0, [2590, 17, [[1.245436096870843, 30], [0.5923101744155566, 30], [0.5607604255004502, 30]]]]
[80, 280, 280, 1, [2, 20, []]]
[80, 280, 280, 2, [2539, 17, [[0.5285028609231495, 30], [0.5421577650197553, 30], [1.2096933070629143, 30]]]]
[80, 280, 1120, 0, [2104, 20, []]]
[80, 280, 1120, 1, [0, 20, []]]
[80, 280, 1120, 2, [1, 20, []]]
[80, 280, 2520, 0, [5023, 20, []]]
[80, 280, 2520, 1, [3751, 20, []]]
[80, 280, 2520, 2, [3901, 20, []]]
[80, 280, 4480, 0, [10232, 20, []]]
[80, 280, 4480, 1, [9805, 20, []]]
[80, 280, 4480, 2, [12573, 20, []]]
[80, 300, 300, 0, [2576, 20, []]]
[80, 300, 300, 1, [5072, 14, [[-0.5526919313789258, 30], [0.9819607674976789, 30], [-0.5219574132005865, 30], [-0.9745246103279142, 30], [0.5491815899861716, 30], [0.5421770729401949, 30]]]]
[80, 300, 300, 2, [8674, 20, []]]
[80, 300, 1200, 0, [2250, 20, []]]
[80, 300, 1200, 1, [0, 20, []]]
[80, 300, 1200, 2, [2793, 20, []]]
[80, 300, 2700, 0, [5064, 20, []]]
[80, 300, 2700, 1, [3781, 20, []]]
[80, 300, 2700, 2, [3841, 20, []]]
[80, 300, 4800, 0, [12425, 20, []]]
[80, 300, 4800, 1, [9888, 20, []]]
[80, 300, 4800, 2, [11478, 20, []]]