[80, 20, 20, [0.0, 0.0]]
[80, 20, 40, [1311.6, 20.0]]
[80, 20, 80, [2663.0, 20.0]]
[80, 20, 120, [2577.1, 20.0]]
[80, 20, 160, [3317.9, 20.0]]
[80, 40, 40, [2545.0, 19.2]]
[80, 40, 80, [3550.9, 19.6]]
[80, 40, 160, [237.6, 20.0]]
[80, 40, 240, [2295.4, 20.0]]
[80, 40, 320, [3639.0, 20.0]]
[80, 60, 60, [2502.7, 19.2]]
[80, 60, 120, [2937.6, 19.7]]
[80, 60, 240, [0.0, 20.0]]
[80, 60, 360, [2383.6, 20.0]]
[80, 60, 480, [3673.5, 20.0]]
[80, 80, 80, [2914.5, 19.5]]
[80, 80, 160, [1507.7, 20.0]]
[80, 80, 320, [231.8, 20.0]]
[80, 80, 480, [2625.3, 20.0]]
[80, 80, 640, [3734.1, 20.0]]
[80, 100, 100, [2708.7, 19.7]]
[80, 100, 200, [2590.2, 19.8]]
[80, 100, 400, [221.4, 20.0]]
[80, 100, 600, [2621.6, 20.0]]
[80, 100, 800, [3866.4, 20.0]]
[80, 120, 120, [4134.7, 18.9]]
[80, 120, 240, [2192.8, 20.0]]
[80, 120, 480, [220.4, 20.0]]
[80, 120, 720, [2499.7, 20.0]]
[80, 120, 960, [3801.1, 20.0]]
[80, 140, 140, [2998.8, 18.7]]
[80, 140, 280, [1170.6, 19.8]]
[80, 140, 560, [222.0, 20.0]]
[80, 140, 840, [2518.5, 20.0]]
[80, 140, 1120, [3752.9, 20.0]]
[80, 160, 160, [2147.1, 18.3]]
[80, 160, 320, [1148.0, 20.0]]
[80, 160, 640, [741.1, 20.0]]
[80, 160, 960, [2389.4, 20.0]]
[80, 160, 1280, [3761.8, 20.0]]
[80, 180, 180, [3476.2, 19.2]]
[80, 180, 360, [1325.4, 20.0]]
[80, 180, 720, [559.2, 20.0]]
[80, 180, 1080, [2405.4, 20.0]]
[80, 180, 1440, [4103.1, 20.0]]
[80, 200, 200, [2742.1, 19.3]]
[80, 200, 400, [2338.2, 19.3]]
[80, 200, 800, [229.0, 20.0]]
[80, 200, 1200, [2852.9, 20.0]]
[80, 200, 1600, [3591.1, 20.0]]
[80, 220, 220, [2862.4, 19.1]]
[80, 220, 440, [1590.9, 20.0]]
[80, 220, 880, [659.8, 20.0]]
[80, 220, 1320, [2797.9, 20.0]]
[80, 220, 1760, [3830.9, 20.0]]
[80, 240, 240, [3014.6, 17.8]]
[80, 240, 480, [2084.4, 19.5]]
[80, 240, 960, [911.6, 20.0]]
[80, 240, 1440, [2551.0, 20.0]]
[80, 240, 1920, [3756.2, 20.0]]
[80, 260, 260, [3412.9, 18.4]]
[80, 260, 520, [2305.8, 19.5]]
[80, 260, 1040, [506.1, 20.0]]
[80, 260, 1560, [2753.7, 20.0]]
[80, 260, 2080, [3725.2, 20.0]]
[80, 280, 280, [3643.8, 18.6]]
[80, 280, 560, [1430.6, 19.7]]
[80, 280, 1120, [674.7, 20.0]]
[80, 280, 1680, [2622.1, 20.0]]
[80, 280, 2240, [3832.9, 20.0]]
[80, 300, 300, [3744.0, 18.5]]
[80, 300, 600, [1847.0, 18.9]]
[80, 300, 1200, [879.2, 20.0]]
[80, 300, 1800, [2381.8, 20.0]]
[80, 300, 2400, [3850.5, 20.0]]
